1.1761174201965332
195.34325289726257
466.4076020717621
2.4215428829193115
30.025770664215088
2.7117466926574707
172.13403415679932
3.2033851146698
4.498973608016968
8.63890814781189
16.559762716293335
32.44726753234863
0.03792238235473633
2.821434497833252
3.028874158859253
5.302796363830566
3.0498714447021484
174.26726627349854
5.357679605484009
3.254305362701416
31.067041158676147
2.6449320316314697
17.63388180732727
1.1429426670074463
0.25834155082702637
0.3640272617340088
0.05088686943054199
481.6249420642853
0.16954779624938965
0.07582354545593262
0.39499425888061523
0.020960092544555664
0.07477688789367676
3303.587785720825
29.972646713256836
0.24634122848510742
95.42103695869446
3.181504011154175
17.568034410476685
5.083414554595947
0.10970664024353027
0.4677555561065674
6.162521123886108
1.2985296249389648
0.8866167068481445
19.263485431671143
31.715299129486084
3.366997480392456
85.76973748207092
0.893606424331665
526.0680537223816
1.6087050437927246
1.6695594787597656
0.10968399047851562
2108.6282439231873
6.070795297622681
0.009973526000976562
174.7050678730011
33.35392737388611
1.0362522602081299
5.148262023925781
0.18350911140441895
91.86943292617798
4.7991907596588135
2151.4577236175537
301.09823775291443
0.16655826568603516
94.33683156967163
96.0244038105011
1.1170141696929932
2.6249828338623047
1320.4035341739655
37.775033950805664
2.730698347091675
36.757768392562866
193.33033537864685
16.45700979232788
2.5232596397399902
169.61275720596313
30.64306092262268
18.08067011833191
0.2313823699951172
0.5166471004486084
0.17356491088867188
1.136960506439209
10.2855064868927
1.031273365020752
7.017214059829712
0.4867217540740967
30.830588579177856
0.25035810470581055
3.977391004562378
0.989326000213623
6.730036020278931
0.5964090824127197
93.60486769676208
0.624335527420044
0.00900411605834961
2.973052740097046
0.27725815773010254
95.75005578994751
6.056804418563843
16.55672025680542
0.5286159515380859
1.4690725803375244
497.1035490036011
19.66244149208069
36.105488777160645
0.9165499210357666
97.99705266952515
270.4601809978485
177.4817259311676
94.7528145313263
0.5216042995452881
1.2825722694396973
0.0010027885437011719
0.25930070877075195
101.2314281463623
0.11868858337402344
0.10674333572387695
1.0192983150482178
98.7699875831604
106.73091316223145
0.00897526741027832
0.8766815662384033
18.24721598625183
1.2117607593536377
0.0399169921875
2.4444644451141357
35.412341594696045
174.43079352378845
56.39929437637329
285.30858635902405
1307.324051141739
16.712331771850586
197.13127946853638
3.981363296508789
0.029947757720947266
0.26727986335754395
1.6236350536346436
2.044534683227539
99.18490600585938
1.3284204006195068
47.849119663238525
0.5146241188049316
195.07462120056152
1.1110565662384033
32.669700384140015
9.894583702087402
32.88420653343201
49.91357612609863
101.76307797431946
0.49766969680786133
191.45532131195068
15.678092241287231
7.3433709144592285
0.16156744956970215
0.10374569892883301
1.0442392826080322
3.4577839374542236
2.9551002979278564
31.61948037147522
100.23706650733948
52.09674382209778
5.754616022109985
0.08178257942199707
20.18706178665161
517.850982427597
0.1386256217956543
6.530565977096558
0.03589272499084473
1.545879602432251
0.1545863151550293
184.23062992095947
1.1040771007537842
191.9820716381073
19.320356130599976
4.654560804367065
99.37955355644226
8.980018138885498
5.589082479476929
36.63716268539429
51.705811738967896
0.15857529640197754
2.5581843852996826
34.90381097793579
5.255926132202148
19.2236430644989
10.249596357345581
16.28444790840149
3.3231406211853027
92.83387494087219
98.03103280067444
181.3802568912506
2.739680528640747
0.006981372833251953
3.0837512016296387
0.0020172595977783203
8.086362361907959
19.074097156524658
2.7965199947357178
172.7443187236786
0.47872018814086914
0.512629508972168
5.886237382888794
36.370803117752075
177.05191230773926
102.04827952384949
0.09676313400268555
101.95059657096863
16.014187335968018
1.1658837795257568
6.173505067825317
0.8516943454742432
16.589679956436157
865.1862268447876
0.47273802757263184
158.3347523212433
202.06711530685425
0.38500022888183594
2.7486464977264404
28.938899040222168
55.14837622642517
490.9365653991699
0.157578706741333
526.6136026382446
188.24888801574707
6.283203840255737
94.20424938201904
2.6260030269622803
540.5911731719971
5.145278215408325
2.9401636123657227
102.27463960647583
17.85125470161438
0.547560453414917
17.220990419387817
20.366536855697632
15.164494276046753
3.135617256164551
19.328364849090576
16.98566460609436
35.99378752708435
0.5495316982269287
182.32862997055054
0.07482266426086426
18.601308584213257
0.6771841049194336
170.94021725654602
900.1284952163696
5.095402240753174
35.855161905288696
1.6316351890563965
16.59567165374756
32.13310647010803
188.92117881774902
0.8557403087615967
173.3398633003235
2.5322329998016357
17.78049397468567
103.91623330116272
3.030893564224243
3327.417213201523
1.009296178817749
54.01860570907593
0.12963056564331055
3.1705477237701416
1.4092321395874023
0.574486494064331
186.60920405387878
97.79372215270996
893.8558089733124
0.018949031829833984
0.024960041046142578
0.4827091693878174
0.4557819366455078
9.262272119522095
0.3739922046661377
0.798872709274292
45.88634467124939
94.9043915271759
0.14960217475891113
4.496948480606079
21.073692798614502
175.2775490283966
18.182463884353638
5.478358507156372
113.18342876434326
2.681802749633789
92.02301907539368
32.86717510223389
30.532382488250732
2.8244547843933105
2.86434268951416
31.349231004714966
18.040772199630737
0.7948765754699707
102.92188000679016
0.19248533248901367
32.00941491127014
2.544198751449585
3.385948419570923
0.9963593482971191
85.19826865196228
0.7809150218963623
19.047081232070923
6.064793348312378
0.15558433532714844
60.65386962890625
0.025930166244506836
3.131659984588623
187.55583906173706
156.85890555381775
1306.3110780715942
528.67720246315
99.8371376991272
6.769930601119995
520.3085658550262
19.32534646987915
0.13862252235412598
16.269519329071045
3.478673219680786
0.9654417037963867
19.035125017166138
0.17752385139465332
1.0112900733947754
86.59353303909302
32.13609313964844
2.629969835281372
0.44381260871887207
0.14361572265625
0.8088393211364746
9.185474157333374
5.740655183792114
52.73005700111389
0.566478967666626
5.289860248565674
6.245309114456177
0.1296525001525879
0.3979310989379883
92.64536261558533
5.876264333724976
515.5859084129333
2.807523727416992
0.04790139198303223
0.45575451850891113
17.927085161209106
21.89953088760376
0.19644594192504883
3.1675610542297363
252.4672224521637
35.21786856651306
34.75409269332886
17.909127950668335
0.8816490173339844
54.22408747673035
0.0359044075012207
17.483266353607178
177.49663281440735
34.15379023551941
901.2652199268341
5.721724987030029
0.6682174205780029
1.077122449874878
3.8646693229675293
0.9703817367553711
1.1409718990325928
6.653222560882568
16.02622079849243
0.17553091049194336
14.569056510925293
7.6256163120269775
5.944115877151489
34.6135573387146
0.07878875732421875
32.891103982925415
33.27322578430176
32.45724058151245
6.053821563720703
6.22747278213501
1.5987272262573242
0.18652987480163574
19.818026304244995
0.24836444854736328
6.014916658401489
93.16506123542786
0.0019948482513427734
20.249871492385864
17.402482748031616
0.3311145305633545
0.15359234809875488
0.19550371170043945
102.91995191574097
30.441650867462158
0.8178417682647705
0.0009970664978027344
16.288461208343506
3.294217109680176
2251.1876559257507
0.43483734130859375
5.9102067947387695
86.70223999023438
19.79807209968567
0.9305176734924316
0.18752098083496094
0.4966762065887451
0.10770821571350098
1.7682788372039795
0.03191494941711426
87.31858730316162
0.06779170036315918
35.63576889038086
2.763590097427368
0.9883601665496826
7.870965957641602
277.4924509525299
0.5415520668029785
98.1228096485138
17.056379079818726
0.047896623611450195
2.61201548576355
6.93945574760437
0.3340747356414795
1.1299800872802734
2.9581210613250732
34.29429745674133
35.67364263534546
30.045812606811523
18.399845361709595
0.000995635986328125
5.611001014709473
3.175534248352051
18.19636034965515
2.9152302742004395
1.093106746673584
0.05485367774963379
34.00213956832886
0.016954421997070312
14.150147438049316
1.3065309524536133
30.28305697441101
30.785736560821533
0.43387579917907715
18.887513637542725
178.2457640171051
897.0816020965576
53.97520351409912
102.38341021537781
3.029872417449951
30.668046474456787
1.202789306640625
0.17057228088378906
1.1339678764343262
98.53775262832642
0.5804545879364014
3.2592813968658447
45.07451629638672
105.71348857879639
5.998959302902222
6.5385518074035645
5.367623567581177
5.62698769569397
34.69725489616394
0.8796710968017578
5.778531074523926
0.52459716796875
16.508894443511963
19.081998825073242
523.4588987827301
0.0019948482513427734
5.881309509277344
102.56688690185547
184.7931032180786
33.531341314315796
17.087324619293213
15.705108165740967
98.20150995254517
905.1057994365692
100.21022176742554
0.02293848991394043
16.545795440673828
0.4927055835723877
39.364776849746704
0.00897526741027832
32.95493412017822
8.21306848526001
5.301851511001587
10.12894868850708
33.831589698791504
32.266820669174194
15.75089144706726
0.20642542839050293
17.25195598602295
191.91508555412292
32.5399968624115
0.007002592086791992
0.407886266708374
162.28530025482178
0.13461732864379883
18.111587047576904
100.880366563797
20.317712545394897
112.23310947418213
3.3480451107025146
551.4753518104553
1.636648416519165
3.946519136428833
28.57661485671997
32.736549615859985
21.314049243927002
15.632214784622192
0.8886466026306152
2.7007808685302734
33.20426678657532
0.10871005058288574
5.61800479888916
50.38334584236145
2.8653135299682617
1.0113191604614258
258.04523849487305
19.872878789901733
35.135194063186646
171.27824759483337
1.0472280979156494
17.218994140625
904.7291345596313
166.21680665016174
7.389253616333008
0.828784704208374
29.748600959777832
494.7588016986847
0.2124319076538086
1.4032790660858154
96.44835782051086
1.042236566543579
0.1865241527557373
97.26901960372925
1.0791380405426025
5.356703996658325
49.95050811767578
179.09547924995422
187.44700574874878
16.21864652633667
87.54798746109009
95.07593607902527
178.2665572166443
0.475736141204834
5.853348016738892
29.021425247192383
16.964655876159668
16.588626861572266
4.957754135131836
523.5916876792908
34.83792972564697
275.93169927597046
21.129521369934082
91.78471279144287
17.422428846359253
0.047872066497802734
0.5984227657318115
35.760411739349365
8.384704113006592
892.7999823093414
0.0359034538269043
0.9425036907196045
18.269187927246094
0.000997304916381836
31.484862804412842
177.34214901924133
524.279036283493
0.2463383674621582
91.7548291683197
166.9548077583313
34.135859966278076
101.1647539138794
48.992042541503906
5.495332956314087
169.16191148757935
167.85143423080444
0.07679438591003418
0.26631855964660645
18.062689065933228
34.48881506919861
5.765588045120239
9.492624998092651
0.14859676361083984
2.6618847846984863
0.4547843933105469
6.436822175979614
8.413602352142334
497.52932047843933
29.355525732040405
5.705724239349365
0.9843688011169434
6.083765983581543
0.8367331027984619
0.012965202331542969
2.926208257675171
2.8952832221984863
501.07586455345154
18.522510766983032
1.6954905986785889
5.436473846435547
0.14863109588623047
174.04988408088684
3.12168025970459
488.8338084220886
0.0069806575775146484
0.5644927024841309
37.95953416824341
17.120238304138184
99.76134037971497
20.242886781692505
3.2772395610809326
90.6147608757019
36.647117614746094
16.28549027442932
0.20447564125061035
9.940406560897827
0.8607218265533447
96.07535433769226
53.599748611450195
0.00897526741027832
92.11488676071167
9.115632057189941
35.94892978668213
3.2004451751708984
0.18750357627868652
16.96265959739685
0.8706674575805664
33.340964555740356
2.693800210952759
102.65561819076538
2.591073989868164
3.8806252479553223
19.57268190383911
17.208996772766113
0.06781888008117676
183.5404601097107
16.390246868133545
0.5046510696411133
0.5425441265106201
0.8577072620391846
32.69660663604736
5.5890607833862305
0.4926764965057373
1278.8606715202332
3.2283928394317627
5.835423946380615
97.73685336112976
2.0156121253967285
34.439940452575684
1.1798498630523682
18.03083324432373
0.036900997161865234
0.0069806575775146484
174.778990983963
17.82337975502014
5.121425151824951
0.4428129196166992
6.177462577819824
15.440751075744629
16.182742834091187
0.42386674880981445
38.83729434013367
0.5525457859039307
35.37247133255005
893.7920453548431
0.5256180763244629
33.854506969451904
0.8427469730377197
91.78964328765869
4.857100009918213
30.86350107192993
91.43864178657532
9.979321241378784
2.8404123783111572
2.9281959533691406
0.9794039726257324
18.206337451934814
97.25525689125061
1.90091872215271
171.80788016319275
188.29087591171265
99.3734347820282
0.12865495681762695
0.01795220375061035
32.39341711997986
186.44072222709656
0.4976644515991211
4.840062141418457
508.0412096977234
0.6712007522583008
3.0548336505889893
0.19149351119995117
31.076958417892456
0.38097453117370605
85.63917517662048
34.97051644325256
165.37404036521912
0.15959596633911133
3.0099539756774902
0.08976006507873535
2.890296459197998
0.7470259666442871
6.718065023422241
1.0851263999938965
6.032896280288696
17.392619609832764
7.822069406509399
3.7170357704162598
0.3620264530181885
32.47420072555542
190.17864084243774
161.09549951553345
535.9915933609009
30.817702770233154
5.781517028808594
0.201460599899292
0.06682133674621582
3.4637680053710938
0.17253923416137695
3.561474323272705
0.8956055641174316
0.10372328758239746
189.62421321868896
515.2484393119812
0.09873557090759277
30.227195739746094
489.93371772766113
4.933817625045776
1.4441344738006592
7.234663963317871
8.53418254852295
19.276444673538208
17.822354316711426
17.76651382446289
0.46874570846557617
175.0174264907837
6.160555839538574
6.310110330581665
180.3410770893097
16.248567819595337
99.74058628082275
6.207414150238037
525.6167385578156
938.2217791080475
180.16641545295715
16.383290767669678
96.11607933044434
0.56351637840271
1.2406866550445557
1.1269898414611816
4.80718207359314
190.5397593975067
1.8470938205718994
0.004986286163330078
0.7270824909210205
4.352476596832275
16.869900941848755
3.244333505630493
2.628995180130005
34.93970561027527
35.237809896469116
15.684070587158203
0.3710148334503174
6.992315769195557
35.20799422264099
6.308160305023193
0.07978677749633789
32.18698859214783
16.809097051620483
174.1097469329834
1.7513208389282227
5.523232936859131
15.262209415435791
530.0214457511902
183.76885604858398
3411.9082202911377
45.24962377548218
10.360547542572021
39.62938904762268
0.23787331581115723
686.0020174980164
0.5475265979766846
9.913954019546509
70.44819211959839
0.5651955604553223
3.9007070064544678
43.464009284973145
0.1885242462158203
17.98983931541443
3.2038731575012207
0.07280516624450684
10.574996709823608
123.10640239715576
0.5016591548919678
1646.2324287891388
0.0019943714141845703
1.8310785293579102
1.0691988468170166
0.09773826599121094
0.43408870697021484
409.6195020675659
145.85041904449463
775.5655605792999
256.7007610797882
0.6432232856750488
135.94415068626404
3.353656768798828
747.8240098953247
1820.6865153312683
0.26782941818237305
125.86340403556824
0.007977724075317383
128.9574592113495
7.891303300857544
0.9196703433990479
20.77728581428528
0.02991962432861328
144.4913365840912
247.68298363685608
1173.3324773311615
33.218204498291016
18.581332206726074
0.4437899589538574
32.76642107963562
209.94880056381226
0.24332141876220703
3.3520641326904297
2.831432819366455
208.03793478012085
5.936136960983276
0.05285811424255371
5.5512025356292725
5.281151533126831
18.423946857452393
0.675184965133667
32.19103932380676
6.289161443710327
0.6053552627563477
5.5212671756744385
0.3400895595550537
31.910701274871826
44.265854835510254
15.704045057296753
34.76906156539917
19.743234157562256
2.6908297538757324
0.8008875846862793
2.5512025356292725
189.14742636680603
3.037879467010498
551.0720691680908
17.025490283966064
0.006981372833251953
19.695353507995605
4.27656364440918
7.475018262863159
6.73896336555481
0.03091716766357422
4.9707136154174805
51.90821957588196
3.2343761920928955
35.22880935668945
0.1764998435974121
0.6014180183410645
0.2742640972137451
32.1221137046814
19.08196520805359
1.0861239433288574
0.0009970664978027344
5.74661111831665
0.000997304916381836
3.124647378921509
5.850386619567871
0.12064504623413086
571.72434425354
103.61271023750305
114.44037103652954
8.109350442886353
19.810104846954346
7.450085878372192
1.0422141551971436
0.032912492752075195
0.0967411994934082
101.62397241592407
1.3656764030456543
1.0490424633026123
0.03094005584716797
0.005961894989013672
0.1655566692352295
32.36725473403931
120.0586564540863
0.07021212577819824
0.1282193660736084
2.5434062480926514
18.199848413467407
1.0369925498962402
0.2855970859527588
5.268142461776733
106.89944529533386
19.4105384349823
282.8693721294403
6.101244688034058
0.0827784538269043
184.28793287277222
34.46046423912048
3.6122326850891113
993.4287955760956
1083.675356388092
138.64551901817322
750.0422341823578
0.009972333908081055
71.47823023796082
1.3697102069854736
39.99646282196045
43.59374213218689
25.27330231666565
0.03490591049194336
19.963021278381348
0.15208220481872559
0.02393651008605957
5.782047271728516
6.760730028152466
0.5680255889892578
129.9923484325409
3.348174571990967
4.4859583377838135
0.09786033630371094
18.771040201187134
43.68311166763306
0.87752366065979
0.2123715877532959
257.380423784256
0.09304404258728027
0.12367725372314453
18.720025300979614
0.9422144889831543
1.019608974456787
0.1522817611694336
1.0727455615997314
773.7675523757935
0.5694968700408936
21.845017910003662
0.09098100662231445
123.13978338241577
1.0083553791046143
37.57698607444763
0.09655880928039551
21.91992163658142
997.5709614753723
3.960129737854004
99.16999053955078
0.9725747108459473
21.27224636077881
0.10226297378540039
38.15646433830261
0.6452221870422363
6.181204080581665
35.63230872154236
1.4063448905944824
2.6805598735809326
18.83662986755371
17.047781467437744
30.039621353149414
0.09276652336120605
36.23667073249817
191.70183205604553
0.22694921493530273
207.161936044693
201.91929841041565
0.6003947257995605
5.93701171875
1.7583286762237549
1.0874416828155518
2.4439008235931396
0.48432207107543945
0.26055264472961426
99.27281928062439
0.18852567672729492
36.29677367210388
203.91409397125244
3.4006521701812744
19.66944432258606
4.996470928192139
4.9063825607299805
193.85236239433289
3.4419400691986084
6.387078762054443
6.6434876918792725
115.90552592277527
3.200535535812378
6.71343731880188
1.0724825859069824
0.212965726852417
34.391167402267456
0.5755462646484375
1.0953257083892822
3.1720945835113525
